x,y
0.00,10.00
1.00,11.20
2.00,12.40
3.00,13.60
4.00,14.80
5.00,16.00
6.00,17.20
7.00,18.40
8.00,19.60
9.00,20.80
10.00,22.00
11.00,23.20
12.00,24.40
13.00,25.60
14.00,26.80
15.00,28.00
16.00,29.20
17.00,30.40
18.00,31.60
19.00,32.80
20.00,34.00
21.00,35.20
22.00,36.40
23.00,37.60
24.00,38.80
25.00,40.00
26.00,41.20
27.00,42.40
28.00,43.60
29.00,44.80
30.00,46.00
31.00,47.20
32.00,48.40
33.00,49.60
34.00,50.80
35.00,52.00
36.00,53.20
37.00,54.40
38.00,55.60
39.00,56.80
40.00,58.00
41.00,59.20
42.00,60.40
43.00,61.60
44.00,62.80
45.00,64.00
46.00,65.20
47.00,66.40
48.00,67.60
49.00,68.80
50.00,70.00
51.00,71.20
52.00,72.40
53.00,73.60
54.00,74.80
55.00,76.00
56.00,77.20
57.00,78.40
58.00,79.60
59.00,80.80
60.00,82.00
61.00,83.20
62.00,84.40
63.00,85.60
64.00,86.80
65.00,88.00
66.00,89.20
67.00,90.40
68.00,91.60
69.00,92.80
70.00,94.00
71.00,95.20
72.00,96.40
73.00,97.60
74.00,98.80
75.00,100.00
76.00,101.20
77.00,102.40
78.00,103.60
79.00,104.80
80.00,106.00
81.00,107.20
82.00,108.40
83.00,109.60
84.00,110.80
85.00,112.00
86.00,113.20
87.00,114.40
88.00,115.60
89.00,116.80
90.00,118.00
91.00,119.20
92.00,120.40
93.00,121.60
94.00,122.80
95.00,124.00
96.00,125.20
97.00,126.40
98.00,127.60
99.00,128.80
